Date,Open,High,Low,Close,Adj close,Volume,Sentiment_gpt,News_flag,Scaled_sentiment,Scaled_sentiment_orig
2022-06-03 00:00:00+00:00,146.89999389648438,147.97000122070312,144.4600067138672,145.3800048828125,144.1322784423828,88570300,2.4166666666666665,1.0,-0.29166666666666674,0.3541916666666666
2022-06-06 00:00:00+00:00,147.02999877929688,148.57000732421875,144.89999389648438,146.13999938964844,144.88575744628906,71598400,3.68,1.0,0.3400000000000001,0.6700250000000001
2022-06-07 00:00:00+00:00,144.35000610351562,149.0,144.10000610351562,148.7100067138672,147.43370056152344,67808200,3.363636363636364,1.0,0.1818181818181821,0.590934090909091
2022-06-08 00:00:00+00:00,148.5800018310547,149.8699951171875,147.4600067138672,147.9600067138672,146.69012451171875,53950200,2.730769230769231,1.0,-0.13461538461538458,0.4327173076923077
2022-06-09 00:00:00+00:00,147.0800018310547,147.9499969482422,142.52999877929688,142.63999938964844,141.41580200195312,69473000,2.888888888888889,1.0,-0.05555555555555558,0.4722472222222222
2022-06-10 00:00:00+00:00,140.27999877929688,140.75999450683594,137.05999755859375,137.1300048828125,135.9530792236328,91437900,2.96,1.0,-0.020000000000000018,0.490025
2022-06-13 00:00:00+00:00,132.8699951171875,135.1999969482422,131.44000244140625,131.8800048828125,130.7481689453125,122207100,2.3043478260869565,1.0,-0.34782608695652173,0.3261119565217391
2022-06-14 00:00:00+00:00,133.1300048828125,133.88999938964844,131.47999572753906,132.75999450683594,131.62057495117188,84784300,3.4444444444444446,1.0,0.22222222222222232,0.6111361111111111
2022-06-15 00:00:00+00:00,134.2899932861328,137.33999633789062,132.16000366210938,135.42999267578125,134.26766967773438,91533000,3.3181818181818183,1.0,0.15909090909090917,0.5795704545454545
2022-06-16 00:00:00+00:00,132.0800018310547,132.38999938964844,129.0399932861328,130.05999755859375,128.94375610351562,108123900,2.6875,1.0,-0.15625,0.4219
2022-06-17 00:00:00+00:00,130.07000732421875,133.0800018310547,129.80999755859375,131.55999755859375,130.43089294433594,134520300,3.423076923076923,1.0,0.21153846153846145,0.6057942307692308
2022-06-21 00:00:00+00:00,133.4199981689453,137.05999755859375,133.32000732421875,135.8699951171875,134.70388793945312,81000500,4.117647058823529,1.0,0.5588235294117645,0.7794367647058822
2022-06-22 00:00:00+00:00,134.7899932861328,137.75999450683594,133.91000366210938,135.35000610351562,134.1883544921875,73409200,3.625,1.0,0.3125,0.6562749999999999
2022-06-23 00:00:00+00:00,136.82000732421875,138.58999633789062,135.6300048828125,138.27000427246094,137.08331298828125,72433800,3.1666666666666665,1.0,0.08333333333333326,0.5416916666666667
2022-06-24 00:00:00+00:00,139.89999389648438,141.91000366210938,139.77000427246094,141.66000366210938,140.4442138671875,89116800,3.125,1.0,0.0625,0.5312749999999999
2022-06-27 00:00:00+00:00,142.6999969482422,143.49000549316406,140.97000122070312,141.66000366210938,140.4442138671875,70207900,3.4285714285714284,1.0,0.2142857142857142,0.6071678571428571
2022-06-28 00:00:00+00:00,142.1300048828125,143.4199981689453,137.32000732421875,137.44000244140625,136.26043701171875,67083400,2.8947368421052637,1.0,-0.05263157894736814,0.4737092105263158
2022-06-29 00:00:00+00:00,137.4600067138672,140.6699981689453,136.6699981689453,139.22999572753906,138.03506469726562,66242400,2.9565217391304346,1.0,-0.021739130434782705,0.4891554347826086
2022-06-30 00:00:00+00:00,137.25,138.3699951171875,133.77000427246094,136.72000122070312,135.54660034179688,98964500,2.6206896551724137,1.0,-0.18965517241379315,0.4051974137931034
2022-07-01 00:00:00+00:00,136.0399932861328,139.0399932861328,135.66000366210938,138.92999267578125,137.73760986328125,71051600,3.055555555555556,1.0,0.0277777777777779,0.5139138888888888
2022-07-05 00:00:00+00:00,137.77000427246094,141.61000061035156,136.92999267578125,141.55999755859375,140.34506225585938,73353800,2.727272727272727,1.0,-0.13636363636363646,0.4318431818181817
2022-07-06 00:00:00+00:00,141.35000610351562,144.1199951171875,141.0800018310547,142.9199981689453,141.69338989257812,74064300,3.625,1.0,0.3125,0.6562749999999999
2022-07-07 00:00:00+00:00,143.2899932861328,146.5500030517578,143.27999877929688,146.35000610351562,145.0939483642578,66253700,3.4375,1.0,0.21875,0.6093999999999999
2022-07-08 00:00:00+00:00,145.25999450683594,147.5500030517578,145.0,147.0399932861328,145.7780303955078,64547800,3.6666666666666665,1.0,0.33333333333333326,0.6666916666666667
2022-07-11 00:00:00+00:00,145.6699981689453,146.63999938964844,143.77999877929688,144.8699951171875,143.62664794921875,63141600,2.75,1.0,-0.125,0.437525
2022-07-12 00:00:00+00:00,145.75999450683594,148.4499969482422,145.0500030517578,145.86000061035156,144.608154296875,77588800,3.130434782608696,1.0,0.0652173913043479,0.532633695652174
2022-07-13 00:00:00+00:00,142.99000549316406,146.4499969482422,142.1199951171875,145.49000549316406,144.2413330078125,71185600,3.4705882352941178,1.0,0.23529411764705888,0.6176720588235294
2022-07-14 00:00:00+00:00,144.0800018310547,148.9499969482422,143.25,148.47000122070312,147.19573974609375,78140700,2.869565217391304,1.0,-0.0652173913043479,0.467416304347826
2022-07-15 00:00:00+00:00,149.77999877929688,150.86000061035156,148.1999969482422,150.1699981689453,148.88116455078125,76259900,3.0,1.0,0.0,0.5000249999999999
2022-07-18 00:00:00+00:00,150.74000549316406,151.57000732421875,146.6999969482422,147.07000732421875,145.80776977539062,81420900,2.608695652173913,1.0,-0.19565217391304346,0.4021989130434782
2022-07-19 00:00:00+00:00,147.9199981689453,151.22999572753906,146.91000366210938,151.0,149.7040557861328,82982400,2.921052631578948,1.0,-0.039473684210526105,0.4802881578947368
2022-07-20 00:00:00+00:00,151.1199951171875,153.72000122070312,150.3699951171875,153.0399932861328,151.72653198242188,64823400,3.555555555555556,1.0,0.2777777777777779,0.6389138888888888
2022-07-21 00:00:00+00:00,154.5,155.57000732421875,151.94000244140625,155.35000610351562,154.01670837402344,65086600,3.2777777777777777,1.0,0.13888888888888884,0.5694694444444444
2022-07-22 00:00:00+00:00,155.38999938964844,156.27999877929688,153.41000366210938,154.08999633789062,152.7675323486328,66675400,2.911764705882353,1.0,-0.044117647058823595,0.4779661764705882
2022-07-25 00:00:00+00:00,154.00999450683594,155.0399932861328,152.27999877929688,152.9499969482422,151.63731384277344,53623900,3.1944444444444446,1.0,0.09722222222222232,0.5486361111111111
2022-07-26 00:00:00+00:00,152.25999450683594,153.08999633789062,150.8000030517578,151.60000610351562,150.29891967773438,55138700,2.75,1.0,-0.125,0.437525
2022-07-27 00:00:00+00:00,152.5800018310547,157.3300018310547,152.16000366210938,156.7899932861328,155.4443359375,78620700,3.4347826086956523,1.0,0.21739130434782616,0.608720652173913
2022-07-28 00:00:00+00:00,156.97999572753906,157.63999938964844,154.41000366210938,157.35000610351562,155.9995574951172,81378700,3.676470588235294,1.0,0.33823529411764697,0.6691426470588235
2022-07-29 00:00:00+00:00,161.24000549316406,163.6300048828125,159.5,162.50999450683594,161.11526489257812,101786900,3.947368421052632,1.0,0.47368421052631593,0.7368671052631579
2022-08-01 00:00:00+00:00,161.00999450683594,163.58999633789062,160.88999938964844,161.50999450683594,160.1238555908203,67829400,3.333333333333333,1.0,0.16666666666666652,0.5833583333333334
2022-08-02 00:00:00+00:00,160.10000610351562,162.41000366210938,159.6300048828125,160.00999450683594,158.63671875,59907000,2.8181818181818183,1.0,-0.09090909090909083,0.4545704545454546
2022-08-03 00:00:00+00:00,160.83999633789062,166.58999633789062,160.75,166.1300048828125,164.70419311523438,82507500,4.05,1.0,0.5249999999999999,0.7625249999999999
2022-08-04 00:00:00+00:00,166.00999450683594,167.19000244140625,164.42999267578125,165.80999755859375,164.38693237304688,55474100,3.1578947368421053,1.0,0.07894736842105265,0.5394986842105263
2022-08-05 00:00:00+00:00,163.2100067138672,165.85000610351562,163.0,165.35000610351562,164.15859985351562,56697000,2.571428571428572,1.0,-0.21428571428571397,0.3928821428571429
2022-08-08 00:00:00+00:00,166.3699951171875,167.80999755859375,164.1999969482422,164.8699951171875,163.68203735351562,60276900,3.75,1.0,0.375,0.6875249999999999
2022-08-09 00:00:00+00:00,164.02000427246094,165.82000732421875,163.25,164.9199981689453,163.731689453125,63135500,3.217391304347826,1.0,0.10869565217391308,0.5543728260869565
2022-08-10 00:00:00+00:00,167.67999267578125,169.33999633789062,166.89999389648438,169.24000549316406,168.02056884765625,70170500,4.166666666666667,1.0,0.5833333333333335,0.7916916666666667
2022-08-11 00:00:00+00:00,170.05999755859375,170.99000549316406,168.19000244140625,168.49000549316406,167.27598571777344,57149200,3.8333333333333335,1.0,0.41666666666666674,0.7083583333333334
2022-08-12 00:00:00+00:00,169.82000732421875,172.1699981689453,169.39999389648438,172.10000610351562,170.85995483398438,68039400,4.076923076923077,1.0,0.5384615384615383,0.7692557692307691
2022-08-15 00:00:00+00:00,171.52000427246094,173.38999938964844,171.35000610351562,173.19000244140625,171.94210815429688,54091700,3.5,1.0,0.25,0.6250249999999999
2022-08-16 00:00:00+00:00,172.77999877929688,173.7100067138672,171.66000366210938,173.02999877929688,171.78326416015625,56377100,3.588235294117647,1.0,0.2941176470588236,0.6470838235294119
2022-08-17 00:00:00+00:00,172.77000427246094,176.14999389648438,172.57000732421875,174.5500030517578,173.29229736328125,79542000,3.2142857142857144,1.0,0.1071428571428572,0.5535964285714285
2022-08-18 00:00:00+00:00,173.75,174.89999389648438,173.1199951171875,174.14999389648438,172.8951873779297,62290100,3.615384615384616,1.0,0.30769230769230793,0.6538711538461539
2022-08-19 00:00:00+00:00,173.02999877929688,173.74000549316406,171.30999755859375,171.52000427246094,170.2841339111328,70346300,3.333333333333333,1.0,0.16666666666666652,0.5833583333333334
2022-08-22 00:00:00+00:00,169.69000244140625,169.86000061035156,167.13999938964844,167.57000732421875,166.3625946044922,69026800,2.235294117647059,1.0,-0.38235294117647056,0.3088485294117647
2022-08-23 00:00:00+00:00,167.0800018310547,168.7100067138672,166.64999389648438,167.22999572753906,166.02503967285156,54147100,3.263157894736842,1.0,0.13157894736842102,0.5658144736842106
2022-08-24 00:00:00+00:00,167.32000732421875,168.11000061035156,166.25,167.52999877929688,166.3228759765625,53841500,3.4166666666666665,1.0,0.20833333333333326,0.6041916666666667
2022-08-25 00:00:00+00:00,168.77999877929688,170.13999938964844,168.35000610351562,170.02999877929688,168.80487060546875,51218200,3.357142857142857,1.0,0.1785714285714286,0.5893107142857144
2022-08-26 00:00:00+00:00,170.57000732421875,171.0500030517578,163.55999755859375,163.6199951171875,162.44105529785156,78961000,3.15,1.0,0.07499999999999996,0.537525
2022-08-29 00:00:00+00:00,161.14999389648438,162.89999389648438,159.82000732421875,161.3800048828125,160.21719360351562,73314000,2.458333333333333,1.0,-0.2716552171333095,0.3646083333333333
2022-08-30 00:00:00+00:00,162.1300048828125,162.55999755859375,157.72000122070312,158.91000366210938,157.7650146484375,77906200,3.0,1.0,0.0,0.5000249999999999
2022-08-31 00:00:00+00:00,160.30999755859375,160.5800018310547,157.13999938964844,157.22000122070312,156.08717346191406,87991100,3.5,1.0,0.3860141862739492,0.6250249999999999
2022-09-01 00:00:00+00:00,156.63999938964844,158.4199981689453,154.6699981689453,157.9600067138672,156.82183837890625,74229900,2.7222222222222223,1.0,-0.14299058378483384,0.4305805555555556
2022-09-02 00:00:00+00:00,159.75,160.36000061035156,154.97000122070312,155.80999755859375,154.68734741210938,76957800,3.2666666666666666,1.0,0.14907039617745707,0.5666916666666666
2022-09-06 00:00:00+00:00,156.47000122070312,157.08999633789062,153.69000244140625,154.52999877929688,153.41656494140625,73714800,2.857142857142857,1.0,-0.070960848653825,0.4643107142857143
2022-09-07 00:00:00+00:00,154.82000732421875,156.6699981689453,153.61000061035156,155.9600067138672,154.83627319335938,87449600,3.76,1.0,0.57558983753785,0.6900249999999999
2022-09-08 00:00:00+00:00,154.63999938964844,156.36000061035156,152.67999267578125,154.4600067138672,153.34707641601562,84923800,3.3181818181818183,1.0,0.23540697664861693,0.5795704545454545
2022-09-09 00:00:00+00:00,155.47000122070312,157.82000732421875,154.75,157.3699951171875,156.236083984375,68028800,3.333333333333333,1.0,0.13315043035614194,0.5833583333333334
2022-09-12 00:00:00+00:00,159.58999633789062,164.25999450683594,159.3000030517578,163.42999267578125,162.25242614746094,104956000,4.071428571428571,1.0,1.2182728296753174,0.7678821428571427
2022-09-13 00:00:00+00:00,159.89999389648438,160.5399932861328,153.3699951171875,153.83999633789062,152.7315216064453,122656600,2.8846153846153846,1.0,-0.1666926185500211,0.4711788461538461
2022-09-14 00:00:00+00:00,154.7899932861328,157.10000610351562,153.61000061035156,155.30999755859375,154.19094848632812,87965400,3.076923076923077,1.0,0.06447872497380289,0.5192557692307693
2022-09-15 00:00:00+00:00,154.64999389648438,155.24000549316406,151.3800048828125,152.3699951171875,151.27212524414062,90481100,2.7777777777777777,1.0,-0.19686529384024595,0.4444694444444444
2022-09-16 00:00:00+00:00,151.2100067138672,151.35000610351562,148.3699951171875,150.6999969482422,149.61415100097656,162278800,3.5,1.0,0.9870801294000536,0.6250249999999999
2022-09-19 00:00:00+00:00,149.30999755859375,154.55999755859375,149.10000610351562,154.47999572753906,153.36691284179688,81474200,3.176470588235294,1.0,0.10911094479759734,0.5441426470588235
2022-09-20 00:00:00+00:00,153.39999389648438,158.0800018310547,153.0800018310547,156.89999389648438,155.76947021484375,107689800,3.3157894736842106,1.0,0.32821899503460955,0.5789723684210526
2022-09-21 00:00:00+00:00,157.33999633789062,158.74000549316406,153.60000610351562,153.72000122070312,152.61239624023438,101696800,3.6666666666666665,1.0,0.6170244912345018,0.6666916666666667
2022-09-22 00:00:00+00:00,152.3800048828125,154.47000122070312,150.91000366210938,152.74000549316406,151.6394500732422,86652500,3.4285714285714284,1.0,0.29061758688934547,0.6071678571428571
2022-09-23 00:00:00+00:00,151.19000244140625,151.47000122070312,148.55999755859375,150.42999267578125,149.3461151123047,96029900,2.6666666666666665,1.0,-0.27277659780339814,0.4166916666666666
2022-09-26 00:00:00+00:00,149.66000366210938,153.77000427246094,149.63999938964844,150.77000427246094,149.68365478515625,93339400,3.333333333333333,1.0,0.2594757835065952,0.5833583333333334
2022-09-27 00:00:00+00:00,152.74000549316406,154.72000122070312,149.9499969482422,151.75999450683594,150.66651916503906,84442700,3.125,1.0,0.07901758634536536,0.5312749999999999
2022-09-28 00:00:00+00:00,147.63999938964844,150.63999938964844,144.83999633789062,149.83999633789062,148.76034545898438,146691400,2.0277777777777777,1.0,-1.4578367467074875,0.2569694444444444
2022-09-29 00:00:00+00:00,146.10000610351562,146.72000122070312,140.67999267578125,142.47999572753906,141.45338439941406,128138200,2.074074074074074,1.0,-1.0984748249328746,0.2685435185185185
2022-09-30 00:00:00+00:00,141.27999877929688,143.10000610351562,138.0,138.1999969482422,137.2042236328125,124925300,3.066666666666667,1.0,0.07386239108700111,0.5166916666666668
2022-10-03 00:00:00+00:00,138.2100067138672,143.07000732421875,137.69000244140625,142.4499969482422,141.42359924316406,114311700,3.2857142857142856,1.0,0.2709777688601316,0.5714535714285713
2022-10-04 00:00:00+00:00,145.02999877929688,146.22000122070312,144.25999450683594,146.10000610351562,145.04730224609375,87830100,3.642857142857143,1.0,0.3832069591503281,0.6607392857142858
2022-10-05 00:00:00+00:00,144.07000732421875,147.3800048828125,143.00999450683594,146.39999389648438,145.3451385498047,79471000,2.958333333333333,1.0,-0.020235008533515442,0.4896083333333333
2022-10-06 00:00:00+00:00,145.80999755859375,147.5399932861328,145.22000122070312,145.42999267578125,144.38211059570312,68402200,2.857142857142857,1.0,-0.04866700618139756,0.4643107142857143
2022-10-07 00:00:00+00:00,142.5399932861328,143.10000610351562,139.4499969482422,140.08999633789062,139.0806121826172,85925600,2.533333333333333,1.0,-0.2657358183785737,0.3833583333333333
2022-10-10 00:00:00+00:00,140.4199981689453,141.88999938964844,138.57000732421875,140.4199981689453,139.40823364257812,74899000,2.75,1.0,-0.10619029977327381,0.437525
2022-10-11 00:00:00+00:00,139.89999389648438,141.35000610351562,138.22000122070312,138.97999572753906,137.97860717773438,77033700,2.2142857142857144,1.0,-0.35655242323271535,0.3035964285714286
2022-10-12 00:00:00+00:00,139.1300048828125,140.36000061035156,138.16000366210938,138.33999633789062,137.34320068359375,70433700,3.647058823529412,1.0,0.23940578764185425,0.661789705882353
2022-10-13 00:00:00+00:00,134.99000549316406,143.58999633789062,134.3699951171875,142.99000549316406,141.959716796875,113224000,3.263157894736842,1.0,0.24097257758039584,0.5658144736842106
2022-10-14 00:00:00+00:00,144.30999755859375,144.52000427246094,138.19000244140625,138.3800048828125,137.38291931152344,88598000,3.272727272727273,1.0,0.16139640422098575,0.5682068181818183
2022-10-17 00:00:00+00:00,141.07000732421875,142.89999389648438,140.27000427246094,142.41000366210938,141.38388061523438,85250900,3.8260869565217392,1.0,0.44971385529711394,0.7065467391304348
2022-10-18 00:00:00+00:00,145.49000549316406,146.6999969482422,140.61000061035156,143.75,142.71424865722656,99136600,3.363636363636364,1.0,0.26089958202958097,0.590934090909091
2022-10-19 00:00:00+00:00,141.69000244140625,144.9499969482422,141.5,143.86000061035156,142.8234405517578,61758300,2.4166666666666665,1.0,-0.12998424231865882,0.3541916666666666
2022-10-20 00:00:00+00:00,143.02000427246094,145.88999938964844,142.64999389648438,143.38999938964844,142.35682678222656,64522000,2.9285714285714284,1.0,-0.01883380914170244,0.4821678571428571
2022-10-21 00:00:00+00:00,142.8699951171875,147.85000610351562,142.64999389648438,147.27000427246094,146.2088623046875,86548600,2.85,1.0,-0.08285441790599227,0.462525
2022-10-24 00:00:00+00:00,147.19000244140625,150.22999572753906,146.0,149.4499969482422,148.37315368652344,75981900,3.0869565217391304,1.0,0.03639751967900458,0.5217641304347826
2022-10-25 00:00:00+00:00,150.08999633789062,152.49000549316406,149.36000061035156,152.33999633789062,151.24234008789062,74732300,3.0,1.0,0.0,0.5000249999999999
2022-10-26 00:00:00+00:00,150.9600067138672,151.99000549316406,148.0399932861328,149.35000610351562,148.2738800048828,88194300,2.458333333333333,1.0,-0.31042595220193037,0.3646083333333333
2022-10-27 00:00:00+00:00,148.07000732421875,149.0500030517578,144.1300048828125,144.8000030517578,143.75665283203125,109180200,2.764705882352941,1.0,-0.19852058285172855,0.4412014705882353
2022-10-28 00:00:00+00:00,148.1999969482422,157.5,147.82000732421875,155.74000549316406,154.61785888671875,164762400,3.8666666666666663,1.0,1.2729040123522577,0.7166916666666667
2022-10-31 00:00:00+00:00,153.16000366210938,154.24000549316406,151.9199981689453,153.33999633789062,152.23512268066406,97943200,2.32,1.0,-0.44220967438379843,0.3300249999999999
2022-11-01 00:00:00+00:00,155.0800018310547,155.4499969482422,149.1300048828125,150.64999389648438,149.5645294189453,80379300,2.769230769230769,1.0,-0.09931160102950679,0.4423326923076923
2022-11-02 00:00:00+00:00,148.9499969482422,152.1699981689453,145.0,145.02999877929688,143.98501586914062,93604600,3.533333333333333,1.0,0.3136934883710483,0.6333583333333332
2022-11-03 00:00:00+00:00,142.05999755859375,142.8000030517578,138.75,138.8800048828125,137.8793182373047,97918500,2.526315789473684,1.0,-0.30145804938759935,0.381603947368421
2022-11-04 00:00:00+00:00,142.08999633789062,142.6699981689453,134.3800048828125,138.3800048828125,137.61082458496094,140814800,2.7857142857142856,1.0,-0.2436443957079942,0.4464535714285714
2022-11-07 00:00:00+00:00,137.11000061035156,139.14999389648438,135.6699981689453,138.9199981689453,138.14781188964844,83374600,2.5789473684210527,1.0,-0.1834819467264247,0.3947618421052631
2022-11-08 00:00:00+00:00,140.41000366210938,141.42999267578125,137.49000549316406,139.5,138.724609375,89908500,3.2666666666666666,1.0,0.13557985152435706,0.5666916666666666
2022-11-09 00:00:00+00:00,138.5,138.5500030517578,134.58999633789062,134.8699951171875,134.1203155517578,74917800,2.9,1.0,-0.031601683734057244,0.475025
2022-11-10 00:00:00+00:00,141.24000549316406,146.8699951171875,139.5,146.8699951171875,146.05361938476562,118854000,3.5,1.0,0.42840135508965016,0.6250249999999999
2022-11-11 00:00:00+00:00,145.82000732421875,150.00999450683594,144.3699951171875,149.6999969482422,148.86788940429688,93979700,3.9047619047619047,1.0,0.48948548873052433,0.7262154761904762
2022-11-14 00:00:00+00:00,148.97000122070312,150.27999877929688,147.42999267578125,148.27999877929688,147.45578002929688,73374100,3.235294117647059,1.0,0.0660108651499515,0.5588485294117647
2022-11-15 00:00:00+00:00,152.22000122070312,153.58999633789062,148.55999755859375,150.0399932861328,149.20599365234375,89868300,3.6666666666666665,1.0,0.3227281153372674,0.6666916666666667
2022-11-16 00:00:00+00:00,149.1300048828125,149.8699951171875,147.2899932861328,148.7899932861328,147.9629364013672,64218300,3.75,1.0,0.1145755802464864,0.6875249999999999
2022-11-17 00:00:00+00:00,146.42999267578125,151.47999572753906,146.14999389648438,150.72000122070312,149.88223266601562,80389400,3.2666666666666666,1.0,0.09374994134754651,0.5666916666666666
2022-11-18 00:00:00+00:00,152.30999755859375,152.6999969482422,149.97000122070312,151.2899932861328,150.44906616210938,74829600,3.125,1.0,0.03357248139518841,0.5312749999999999
2022-11-21 00:00:00+00:00,150.16000366210938,150.3699951171875,147.72000122070312,148.00999450683594,147.18728637695312,58724100,3.272727272727273,1.0,0.017534440441190555,0.5682068181818183
2022-11-22 00:00:00+00:00,148.1300048828125,150.4199981689453,146.92999267578125,150.17999267578125,149.34521484375,51804100,2.473684210526316,1.0,-0.0,0.368446052631579
2022-11-23 00:00:00+00:00,149.4499969482422,151.8300018310547,149.33999633789062,151.07000732421875,150.2303009033203,58301400,2.75,1.0,-0.020503150021511707,0.437525
2022-11-25 00:00:00+00:00,148.30999755859375,148.8800048828125,147.1199951171875,148.11000061035156,147.28672790527344,35195900,2.5,1.0,-0.0,0.375025
2022-11-28 00:00:00+00:00,145.13999938964844,146.63999938964844,143.3800048828125,144.22000122070312,143.41835021972656,69246000,2.03125,1.0,-0.2382103510406209,0.2578375
2022-11-29 00:00:00+00:00,144.2899932861328,144.80999755859375,140.35000610351562,141.1699981689453,140.38531494140625,83763800,2.4,1.0,-0.2525635660299,0.350025
2022-11-30 00:00:00+00:00,141.39999389648438,148.72000122070312,140.5500030517578,148.02999877929688,147.20716857910156,111380900,3.590909090909091,1.0,0.4427583436940187,0.6477522727272726
2022-12-01 00:00:00+00:00,148.2100067138672,149.1300048828125,146.61000061035156,148.30999755859375,147.48562622070312,71250400,2.64,1.0,-0.09567796725117103,0.410025
2022-12-02 00:00:00+00:00,145.9600067138672,148.0,145.64999389648438,147.80999755859375,146.9884033203125,65447400,2.9565217391304346,1.0,-0.008777529721419002,0.4891554347826086
2022-12-05 00:00:00+00:00,147.77000427246094,150.9199981689453,145.77000427246094,146.6300048828125,145.81497192382812,68826400,3.2666666666666666,1.0,0.06457592056724958,0.5666916666666666
2022-12-06 00:00:00+00:00,147.07000732421875,147.3000030517578,141.9199981689453,142.91000366210938,142.1156463623047,64727200,2.9473684210526314,1.0,-0.010664181318607698,0.4868671052631578
2022-12-07 00:00:00+00:00,142.19000244140625,143.3699951171875,140.0,140.94000244140625,140.15660095214844,69721100,2.16,1.0,-0.22725177085551584,0.290025
2022-12-08 00:00:00+00:00,142.36000061035156,143.52000427246094,141.10000610351562,142.64999389648438,141.8571014404297,62128300,3.4782608695652173,1.0,0.0894717265117005,0.6195902173913044
2022-12-09 00:00:00+00:00,142.33999633789062,145.57000732421875,140.89999389648438,142.16000366210938,141.3698272705078,76097000,2.7777777777777777,1.0,-0.07936152470428343,0.4444694444444444
2022-12-12 00:00:00+00:00,142.6999969482422,144.5,141.05999755859375,144.49000549316406,143.68685913085938,70462700,3.3846153846153846,1.0,0.11272383357856604,0.5961788461538462
2022-12-13 00:00:00+00:00,149.5,149.97000122070312,144.24000549316406,145.47000122070312,144.6614227294922,93886200,3.7,1.0,0.41422293059632165,0.675025
2022-12-14 00:00:00+00:00,145.35000610351562,146.66000366210938,141.16000366210938,143.2100067138672,142.41397094726562,82291200,2.4166666666666665,1.0,-0.26117330853805004,0.3541916666666666
2022-12-15 00:00:00+00:00,141.11000061035156,141.8000030517578,136.02999877929688,136.5,135.74127197265625,98931900,2.421052631578948,1.0,-0.38439362708122765,0.3552881578947368
2022-12-16 00:00:00+00:00,136.69000244140625,137.64999389648438,133.72999572753906,134.50999450683594,133.7623291015625,160156900,3.066666666666667,1.0,0.09144570252689144,0.5166916666666668
2022-12-19 00:00:00+00:00,135.11000061035156,135.1999969482422,131.32000732421875,132.3699951171875,131.6342315673828,79592600,2.4375,1.0,-0.22966616105834955,0.3594
2022-12-20 00:00:00+00:00,131.38999938964844,133.25,129.88999938964844,132.3000030517578,131.56463623046875,77432800,2.909090909090909,1.0,-0.03505823279058421,0.4772977272727273
2022-12-21 00:00:00+00:00,132.97999572753906,136.80999755859375,132.75,135.4499969482422,134.6970977783203,85928000,2.857142857142857,1.0,-0.06960270347626499,0.4643107142857143
2022-12-22 00:00:00+00:00,134.35000610351562,134.55999755859375,130.3000030517578,132.22999572753906,131.49501037597656,77852100,2.25,1.0,-0.2994213691409554,0.312525
2022-12-23 00:00:00+00:00,130.9199981689453,132.4199981689453,129.63999938964844,131.86000061035156,131.12705993652344,63814900,2.8461538461538463,1.0,-0.035430172441639166,0.4615634615384615
2022-12-27 00:00:00+00:00,131.3800048828125,131.41000366210938,128.72000122070312,130.02999877929688,129.30723571777344,69007800,2.857142857142857,1.0,-0.04354673597422049,0.4643107142857143
2022-12-28 00:00:00+00:00,129.6699981689453,131.02999877929688,125.87000274658205,126.04000091552734,125.33941650390624,85438400,2.636363636363636,1.0,-0.19190936546920026,0.409115909090909
2022-12-29 00:00:00+00:00,127.98999786376952,130.47999572753906,127.7300033569336,129.61000061035156,128.8895721435547,75703700,3.333333333333333,1.0,0.13348694930901278,0.5833583333333334
2022-12-30 00:00:00+00:00,128.41000366210938,129.9499969482422,127.43000030517578,129.92999267578125,129.20779418945312,77034200,2.772727272727273,1.0,-0.09518159503119958,0.4432068181818182
2023-01-03 00:00:00+00:00,130.27999877929688,130.89999389648438,124.16999816894533,125.06999969482422,124.3748016357422,112117500,2.4482758620689653,1.0,-0.4820236508821397,0.3620939655172413
2023-01-04 00:00:00+00:00,126.88999938964844,128.66000366210938,125.08000183105467,126.36000061035156,125.65763854980467,89113600,3.3181818181818183,1.0,0.1810083438445171,0.5795704545454545
2023-01-05 00:00:00+00:00,127.12999725341795,127.7699966430664,124.76000213623048,125.0199966430664,124.3250732421875,80962700,3.5294117647058822,1.0,0.2434265926921363,0.6323779411764705
2023-01-06 00:00:00+00:00,126.01000213623048,130.2899932861328,124.88999938964844,129.6199951171875,128.89950561523438,87754700,3.0588235294117645,1.0,0.03219507561054726,0.5147308823529411
2023-01-09 00:00:00+00:00,130.47000122070312,133.41000366210938,129.88999938964844,130.14999389648438,129.42657470703125,70790800,3.3684210526315788,1.0,0.11888009827716445,0.5921302631578946
2023-01-10 00:00:00+00:00,130.25999450683594,131.25999450683594,128.1199951171875,130.72999572753906,130.0033416748047,63896200,2.6,1.0,-0.09611566475690966,0.400025
2023-01-11 00:00:00+00:00,131.25,133.50999450683594,130.4600067138672,133.49000549316406,132.74801635742188,69458900,3.526315789473684,1.0,0.16801612783248773,0.631603947368421
2023-01-12 00:00:00+00:00,133.8800048828125,134.25999450683594,131.44000244140625,133.41000366210938,132.66845703125,71379600,3.176470588235294,1.0,0.06144375955568522,0.5441426470588235
2023-01-13 00:00:00+00:00,132.02999877929688,134.9199981689453,131.66000366210938,134.75999450683594,134.0109405517578,57809700,3.2142857142857144,1.0,0.0383301340806816,0.5535964285714285
2023-01-17 00:00:00+00:00,134.8300018310547,137.2899932861328,134.1300048828125,135.94000244140625,135.18438720703125,63646600,3.294117647058824,1.0,0.07507505834565685,0.5735544117647058
2023-01-18 00:00:00+00:00,136.82000732421875,138.61000061035156,135.02999877929688,135.2100067138672,134.4584503173828,69672800,3.45,1.0,0.15002178059420385,0.612525
2023-01-19 00:00:00+00:00,134.0800018310547,136.25,133.77000427246094,135.27000427246094,134.5181121826172,58280400,3.0,1.0,0.0,0.5000249999999999
2023-01-20 00:00:00+00:00,135.27999877929688,138.02000427246094,134.22000122070312,137.8699951171875,137.10365295410156,80223600,3.2777777777777777,1.0,0.13297982595439162,0.5694694444444444
2023-01-23 00:00:00+00:00,138.1199951171875,143.32000732421875,137.89999389648438,141.11000061035156,140.32565307617188,81760300,3.76,1.0,0.37801525419868226,0.6900249999999999
2023-01-24 00:00:00+00:00,140.30999755859375,143.16000366210938,140.3000030517578,142.52999877929688,141.73776245117188,66435100,3.333333333333333,1.0,0.10037661187209367,0.5833583333333334
2023-01-25 00:00:00+00:00,140.88999938964844,142.42999267578125,138.80999755859375,141.86000061035156,141.0714874267578,65799300,2.6666666666666665,1.0,-0.10018059364690399,0.4166916666666666
2023-01-26 00:00:00+00:00,143.1699981689453,144.25,141.89999389648438,143.9600067138672,143.15982055664062,54105100,3.095238095238096,1.0,0.012246243639440603,0.5238345238095239
2023-01-27 00:00:00+00:00,143.16000366210938,147.22999572753906,143.0800018310547,145.92999267578125,145.11883544921875,70555800,3.4285714285714284,1.0,0.16277008413482322,0.6071678571428571
2023-01-30 00:00:00+00:00,144.9600067138672,145.5500030517578,142.85000610351562,143.0,142.20513916015625,64015300,2.933333333333333,1.0,-0.01911469256713032,0.4833583333333333
2023-01-31 00:00:00+00:00,142.6999969482422,144.33999633789062,142.27999877929688,144.2899932861328,143.4879608154297,65874500,3.129032258064516,1.0,0.0414242723034894,0.532283064516129
2023-02-01 00:00:00+00:00,143.97000122070312,146.61000061035156,141.32000732421875,145.42999267578125,144.6216278076172,77663600,3.0,1.0,0.0,0.5000249999999999
2023-02-02 00:00:00+00:00,148.89999389648438,151.17999267578125,148.1699981689453,150.82000732421875,149.981689453125,118339000,3.638888888888889,1.0,0.7380067497983327,0.6597472222222223
2023-02-03 00:00:00+00:00,148.02999877929688,157.3800048828125,147.8300018310547,154.5,153.64122009277344,154357300,2.463414634146341,1.0,-0.8431360054804189,0.3658786585365853
2023-02-06 00:00:00+00:00,152.57000732421875,153.10000610351562,150.77999877929688,151.72999572753906,150.88661193847656,69858300,3.44,1.0,0.16963110100885273,0.610025
2023-02-07 00:00:00+00:00,150.63999938964844,155.22999572753906,150.63999938964844,154.64999389648438,153.79037475585938,83322600,2.7777777777777777,1.0,-0.12743109566519084,0.4444694444444444
2023-02-08 00:00:00+00:00,153.8800048828125,154.5800018310547,151.1699981689453,151.9199981689453,151.0755615234375,64120100,3.3125,1.0,0.0969294325463656,0.5781499999999999
2023-02-09 00:00:00+00:00,153.77999877929688,154.3300018310547,150.4199981689453,150.8699951171875,150.03140258789062,56007100,3.2142857142857144,1.0,0.04338552173709576,0.5535964285714285
2023-02-10 00:00:00+00:00,149.4600067138672,151.33999633789062,149.22000122070312,151.00999450683594,150.39988708496094,57450700,2.8,1.0,-0.045806619989154335,0.4500249999999999
2023-02-13 00:00:00+00:00,150.9499969482422,154.25999450683594,150.9199981689453,153.85000610351562,153.2284393310547,62199000,3.6666666666666665,1.0,0.20260976158848026,0.6666916666666667
2023-02-14 00:00:00+00:00,152.1199951171875,153.77000427246094,150.86000061035156,153.1999969482422,152.5810546875,61707600,2.5294117647058822,1.0,-0.14009567373376916,0.3823779411764705
2023-02-15 00:00:00+00:00,153.11000061035156,155.5,152.8800048828125,155.3300018310547,154.7024383544922,65573800,3.6666666666666665,1.0,0.23797469844103286,0.6666916666666667
2023-02-16 00:00:00+00:00,153.50999450683594,156.3300018310547,153.35000610351562,153.7100067138672,153.08900451660156,68167900,3.111111111111111,1.0,0.04398207461159081,0.5278027777777778
2023-02-17 00:00:00+00:00,152.35000610351562,153.0,150.85000610351562,152.5500030517578,151.93368530273438,59144100,3.3076923076923075,1.0,0.08199222040924388,0.5769480769230768
2023-02-21 00:00:00+00:00,150.1999969482422,151.3000030517578,148.41000366210938,148.47999572753906,147.880126953125,58867200,2.6,1.0,-0.10380722590058948,0.400025
2023-02-22 00:00:00+00:00,148.8699951171875,149.9499969482422,147.16000366210938,148.91000366210938,148.3083953857422,51011300,3.25,1.0,0.03754492989163599,0.5625249999999999
2023-02-23 00:00:00+00:00,150.08999633789062,150.33999633789062,147.24000549316406,149.39999389648438,148.79641723632812,48394200,3.176470588235294,1.0,0.01813886678726262,0.5441426470588235
2023-02-24 00:00:00+00:00,147.11000061035156,147.19000244140625,145.72000122070312,146.7100067138672,146.11729431152344,55469600,3.4444444444444446,1.0,0.09388391521376525,0.6111361111111111
2023-02-27 00:00:00+00:00,147.7100067138672,149.1699981689453,147.4499969482422,147.9199981689453,147.32237243652344,44998500,3.066666666666667,1.0,0.00506185483393884,0.5166916666666668
2023-02-28 00:00:00+00:00,147.0500030517578,149.0800018310547,146.8300018310547,147.41000366210938,146.81443786621094,50547000,2.9444444444444446,1.0,-0.009121099459208975,0.4861361111111111
2023-03-01 00:00:00+00:00,146.8300018310547,147.22999572753906,145.00999450683594,145.30999755859375,144.72293090820312,55479000,3.842105263157895,1.0,0.20286407339018295,0.7105513157894736
2023-03-02 00:00:00+00:00,144.3800048828125,146.7100067138672,143.89999389648438,145.91000366210938,145.32052612304688,52238100,3.333333333333333,1.0,0.06656740237097497,0.5833583333333334
2023-03-03 00:00:00+00:00,148.0399932861328,151.11000061035156,147.3300018310547,151.02999877929688,150.41983032226562,70732300,3.272727272727273,1.0,0.1262756582700827,0.5682068181818183
2023-03-06 00:00:00+00:00,153.7899932861328,156.3000030517578,153.4600067138672,153.8300018310547,153.20852661132812,87558000,3.5,1.0,0.348586087031484,0.6250249999999999
2023-03-07 00:00:00+00:00,153.6999969482422,154.02999877929688,151.1300048828125,151.60000610351562,150.98751831054688,56182000,3.3529411764705883,1.0,0.09003650968122383,0.5882602941176471
2023-03-08 00:00:00+00:00,152.80999755859375,153.47000122070312,151.8300018310547,152.8699951171875,152.2523956298828,47204800,3.6666666666666665,1.0,0.09019082568147498,0.6666916666666667
2023-03-09 00:00:00+00:00,153.55999755859375,154.5399932861328,150.22999572753906,150.58999633789062,149.98159790039062,53833600,3.2777777777777777,1.0,0.0653066240540585,0.5694694444444444
2023-03-10 00:00:00+00:00,150.2100067138672,150.94000244140625,147.61000061035156,148.5,147.90003967285156,68572400,3.375,1.0,0.16528326526619774,0.5937749999999999
2023-03-13 00:00:00+00:00,147.80999755859375,153.13999938964844,147.6999969482422,150.47000122070312,149.86207580566406,84457100,3.857142857142857,1.0,0.569970118294389,0.7143107142857144
2023-03-14 00:00:00+00:00,151.27999877929688,153.39999389648438,150.10000610351562,152.58999633789062,151.97352600097656,73695900,3.875,1.0,0.4518244161127499,0.7187749999999999
2023-03-15 00:00:00+00:00,151.19000244140625,153.25,149.9199981689453,152.99000549316406,152.37191772460938,77167900,3.333333333333333,1.0,0.19034206815060078,0.5833583333333334
2023-03-16 00:00:00+00:00,152.16000366210938,156.4600067138672,151.63999938964844,155.85000610351562,155.22035217285156,76161100,3.6666666666666665,1.0,0.3940666224219696,0.6666916666666667
2023-03-17 00:00:00+00:00,156.0800018310547,156.74000549316406,154.27999877929688,155.0,154.373779296875,98944600,3.5384615384615383,1.0,0.517875831611676,0.6346403846153845
2023-03-20 00:00:00+00:00,155.07000732421875,157.82000732421875,154.14999389648438,157.39999389648438,156.7640838623047,73641400,2.571428571428572,1.0,-0.2328897157688997,0.3928821428571429
2023-03-21 00:00:00+00:00,157.32000732421875,159.39999389648438,156.5399932861328,159.27999877929688,158.63650512695312,73938300,3.769230769230769,1.0,0.4245671876539815,0.6923326923076922
2023-03-22 00:00:00+00:00,159.3000030517578,162.13999938964844,157.80999755859375,157.8300018310547,157.19236755371094,75701800,3.375,1.0,0.21825388769313592,0.5937749999999999
2023-03-23 00:00:00+00:00,158.8300018310547,161.5500030517578,157.67999267578125,158.92999267578125,158.2878875732422,67622100,3.6666666666666665,1.0,0.29734151751159443,0.6666916666666667
2023-03-24 00:00:00+00:00,158.86000061035156,160.33999633789062,157.85000610351562,160.25,159.60256958007812,59196500,3.733333333333333,1.0,0.22630010642920825,0.6833583333333333
2023-03-27 00:00:00+00:00,159.94000244140625,160.77000427246094,157.8699951171875,158.27999877929688,157.64053344726562,52390300,2.647058823529412,1.0,-0.07240885752206054,0.4117897058823529
2023-03-28 00:00:00+00:00,157.97000122070312,158.49000549316406,155.97999572753906,157.64999389648438,157.0130615234375,45992200,2.909090909090909,1.0,-0.010216599839369704,0.4772977272727273
2023-03-29 00:00:00+00:00,159.3699951171875,161.0500030517578,159.35000610351562,160.77000427246094,160.12046813964844,51305700,3.8,1.0,0.16675918331427364,0.7000249999999999
2023-03-30 00:00:00+00:00,161.52999877929688,162.47000122070312,161.27000427246094,162.36000061035156,161.7040557861328,49501700,3.4,1.0,0.07363118115966896,0.600025
2023-03-31 00:00:00+00:00,162.44000244140625,165.0,161.91000366210938,164.89999389648438,164.2337646484375,68749800,3.565217391304348,1.0,0.29149800053864183,0.6413293478260869
2023-04-03 00:00:00+00:00,164.27000427246094,166.2899932861328,164.22000122070312,166.1699981689453,165.4986572265625,56976200,3.0,1.0,0.0,0.5000249999999999
2023-04-04 00:00:00+00:00,166.60000610351562,166.83999633789062,165.11000061035156,165.6300048828125,164.96084594726562,46278300,3.380952380952381,1.0,0.056769181655125865,0.5952630952380953
2023-04-05 00:00:00+00:00,164.74000549316406,165.0500030517578,161.8000030517578,163.75999450683594,163.098388671875,51511700,3.032258064516129,1.0,0.007927206154949473,0.5080895161290322
2023-04-06 00:00:00+00:00,162.42999267578125,164.9600067138672,162.0,164.66000366210938,163.99476623535156,45390100,3.5416666666666665,1.0,0.08158595083527655,0.6354416666666667
2023-04-10 00:00:00+00:00,161.4199981689453,162.02999877929688,160.0800018310547,162.02999877929688,161.37539672851562,47716900,2.739130434782609,1.0,-0.05177921788043752,0.4348076086956522
2023-04-11 00:00:00+00:00,162.35000610351562,162.36000061035156,160.50999450683594,160.8000030517578,160.15036010742188,47644200,3.1578947368421053,1.0,0.03253573812264594,0.5394986842105263
2023-04-12 00:00:00+00:00,161.22000122070312,162.05999755859375,159.77999877929688,160.10000610351562,159.45318603515625,50133100,3.0,1.0,0.0,0.5000249999999999
2023-04-13 00:00:00+00:00,161.6300048828125,165.8000030517578,161.4199981689453,165.55999755859375,164.89111328125,68445600,3.5,1.0,0.2759476853416934,0.6250249999999999
2023-04-14 00:00:00+00:00,164.58999633789062,166.32000732421875,163.82000732421875,165.2100067138672,164.54254150390625,49386500,4.0,1.0,0.24404305738201787,0.7500249999999999
2023-04-17 00:00:00+00:00,165.08999633789062,165.38999938964844,164.02999877929688,165.22999572753906,164.5624542236328,41516200,3.5,1.0,0.06200526610580906,0.6250249999999999
2023-04-18 00:00:00+00:00,166.10000610351562,167.41000366210938,165.64999389648438,166.47000122070312,165.79745483398438,49923000,3.555555555555556,1.0,0.14911182348285895,0.6389138888888888
2023-04-19 00:00:00+00:00,165.8000030517578,168.16000366210938,165.5399932861328,167.6300048828125,166.95277404785156,47720200,3.4285714285714284,1.0,0.10348966191436913,0.6071678571428571
2023-04-20 00:00:00+00:00,166.08999633789062,167.8699951171875,165.55999755859375,166.64999389648438,165.97669982910156,52456400,3.4,1.0,0.12911592813923636,0.600025
2023-04-21 00:00:00+00:00,165.0500030517578,166.4499969482422,164.49000549316406,165.02000427246094,164.3533172607422,58337300,3.4285714285714284,1.0,0.18009889568783832,0.6071678571428571
2023-04-24 00:00:00+00:00,165.0,165.60000610351562,163.88999938964844,165.3300018310547,164.6620635986328,41949600,3.210526315789474,1.0,0.03386359472569894,0.5526565789473685
2023-04-25 00:00:00+00:00,165.19000244140625,166.30999755859375,163.72999572753906,163.77000427246094,163.1083526611328,48714100,3.3,1.0,0.08284746890555791,0.5750249999999999
2023-04-26 00:00:00+00:00,163.05999755859375,165.27999877929688,162.8000030517578,163.75999450683594,163.098388671875,45498800,2.9,1.0,-0.023143818054881343,0.475025
2023-04-27 00:00:00+00:00,165.19000244140625,168.55999755859375,165.19000244140625,168.41000366210938,167.72962951660156,64902300,3.4375,1.0,0.23640236499223155,0.6093999999999999
2023-04-28 00:00:00+00:00,168.49000549316406,169.85000610351562,167.8800048828125,169.67999267578125,168.99447631835938,55209200,3.4166666666666665,1.0,0.1631701211572043,0.6041916666666667
2023-05-01 00:00:00+00:00,169.27999877929688,170.4499969482422,168.63999938964844,169.58999633789062,168.90484619140625,52472900,3.142857142857143,1.0,0.05058458509261688,0.5357392857142858
2023-05-02 00:00:00+00:00,170.08999633789062,170.35000610351562,167.5399932861328,168.5399932861328,167.85906982421875,48425700,3.1578947368421053,1.0,0.03805203847744734,0.5394986842105263
2023-05-03 00:00:00+00:00,169.5,170.9199981689453,167.16000366210938,167.4499969482422,166.77346801757812,65136000,2.6956521739130435,1.0,-0.19719295756083424,0.4239380434782608
2023-05-04 00:00:00+00:00,164.88999938964844,167.0399932861328,164.30999755859375,165.7899932861328,165.12017822265625,81235400,3.025641025641025,1.0,0.02674205471802831,0.5064352564102563
2023-05-05 00:00:00+00:00,170.97999572753906,174.3000030517578,170.75999450683594,173.57000732421875,172.8687744140625,113316400,4.46,1.0,2.391457672154911,0.8650249999999999
2023-05-08 00:00:00+00:00,172.47999572753906,173.85000610351562,172.11000061035156,173.5,172.79904174804688,55962800,3.9444444444444446,1.0,0.39442210852201304,0.7361361111111111
2023-05-09 00:00:00+00:00,173.0500030517578,173.5399932861328,171.60000610351562,171.77000427246094,171.07603454589844,45326900,3.3846153846153846,1.0,0.0762166563964859,0.5961788461538462
2023-05-10 00:00:00+00:00,173.02000427246094,174.02999877929688,171.89999389648438,173.55999755859375,172.8588104248047,53724500,3.8,1.0,0.30277235494139304,0.7000249999999999
2023-05-11 00:00:00+00:00,173.85000610351562,174.58999633789062,172.1699981689453,173.75,173.0480194091797,49514700,3.176470588235294,1.0,0.052023259472468844,0.5441426470588235
2023-05-12 00:00:00+00:00,173.6199951171875,174.05999755859375,171.0,172.57000732421875,172.1105499267578,45497800,3.421052631578948,1.0,0.09226435494395933,0.6052881578947369
2023-05-15 00:00:00+00:00,173.16000366210938,173.2100067138672,171.47000122070312,172.07000732421875,171.61187744140625,37266700,3.533333333333333,1.0,0.034401979678677606,0.6333583333333332
2023-05-16 00:00:00+00:00,171.99000549316406,173.13999938964844,171.8000030517578,172.07000732421875,171.61187744140625,42110300,3.7058823529411766,1.0,0.12233179239435345,0.6764955882352941
2023-05-17 00:00:00+00:00,171.7100067138672,172.92999267578125,170.4199981689453,172.69000244140625,172.230224609375,57951600,3.363636363636364,1.0,0.18043070878444392,0.590934090909091
2023-05-18 00:00:00+00:00,173.0,175.24000549316406,172.5800018310547,175.0500030517578,174.5839385986328,65496700,3.5,1.0,0.32245506269430113,0.6250249999999999
2023-05-19 00:00:00+00:00,176.38999938964844,176.38999938964844,174.94000244140625,175.16000366210938,174.6936492919922,55772400,3.5384615384615383,1.0,0.23917787394229362,0.6346403846153845
2023-05-22 00:00:00+00:00,173.97999572753906,174.7100067138672,173.4499969482422,174.1999969482422,173.73619079589844,43570900,3.0,1.0,0.0,0.5000249999999999
2023-05-23 00:00:00+00:00,173.1300048828125,173.3800048828125,171.27999877929688,171.55999755859375,171.1032257080078,50747300,3.4,1.0,0.13765277056280625,0.600025
2023-05-24 00:00:00+00:00,171.08999633789062,172.4199981689453,170.52000427246094,171.83999633789062,171.38247680664062,45143500,3.294117647058824,1.0,0.06853073031237486,0.5735544117647058
2023-05-25 00:00:00+00:00,172.41000366210938,173.89999389648438,171.69000244140625,172.99000549316406,172.5294189453125,56058300,3.65,1.0,0.29518094539620654,0.662525
2023-05-26 00:00:00+00:00,173.32000732421875,175.77000427246094,173.11000061035156,175.42999267578125,174.96290588378906,54835000,3.857142857142857,1.0,0.36717503627187553,0.7143107142857144
2023-05-30 00:00:00+00:00,176.9600067138672,178.99000549316406,176.57000732421875,177.3000030517578,176.82794189453125,55964400,3.65,1.0,0.29642512974744645,0.662525
2023-05-31 00:00:00+00:00,177.3300018310547,179.35000610351562,176.75999450683594,177.25,176.77806091308594,99625300,3.588235294117647,1.0,0.7746189670256793,0.6470838235294119
2023-06-01 00:00:00+00:00,177.6999969482422,180.1199951171875,176.92999267578125,180.08999633789062,179.61050415039062,68901800,3.409090909090909,1.0,0.2881301408220591,0.6022977272727272
2023-06-02 00:00:00+00:00,181.02999877929688,181.77999877929688,179.25999450683594,180.9499969482422,180.4682159423828,61945900,3.6666666666666665,1.0,0.3751418569501837,0.6666916666666667
2023-06-05 00:00:00+00:00,182.6300048828125,184.9499969482422,178.0399932861328,179.5800018310547,179.10186767578125,121946500,4.066666666666666,1.0,1.6897117744809804,0.7666916666666665
2023-06-06 00:00:00+00:00,179.97000122070312,180.1199951171875,177.42999267578125,179.2100067138672,178.73284912109375,64848400,3.2962962962962963,1.0,0.17406937985836746,0.5740990740740741
2023-06-07 00:00:00+00:00,178.44000244140625,181.2100067138672,177.32000732421875,177.82000732421875,177.3465576171875,61944600,3.4444444444444446,1.0,0.24177723756981687,0.6111361111111111
2023-06-08 00:00:00+00:00,177.89999389648438,180.83999633789065,177.4600067138672,180.57000732421875,180.0892333984375,50214900,3.52,1.0,0.1775584912078728,0.6300250000000001
2023-06-09 00:00:00+00:00,181.5,182.22999572753903,180.6300048828125,180.9600067138672,180.4781951904297,48870700,3.72,1.0,0.23373301755487902,0.6800250000000001
2023-06-12 00:00:00+00:00,181.2700042724609,183.88999938964844,180.97000122070312,183.7899932861328,183.30064392089844,54274900,3.363636363636364,1.0,0.15558070515991737,0.590934090909091
2023-06-13 00:00:00+00:00,182.8000030517578,184.1499938964844,182.44000244140625,183.3099975585937,182.8219451904297,54929100,4.1,1.0,0.49549462991302484,0.7750249999999999
2023-06-14 00:00:00+00:00,183.3699951171875,184.38999938964844,182.0200042724609,183.9499969482422,183.46023559570312,57462900,4.105263157894737,1.0,0.5573265817065288,0.7763407894736842
2023-06-15 00:00:00+00:00,183.9600067138672,186.5200042724609,183.77999877929688,186.009994506836,185.5147399902344,65433200,3.5,1.0,0.33121536825753145,0.6250249999999999
2023-06-16 00:00:00+00:00,186.72999572753903,186.9900054931641,184.2700042724609,184.9199981689453,184.4276428222656,101235600,3.923076923076923,1.0,1.2074638756036926,0.7307942307692308
2023-06-20 00:00:00+00:00,184.4100036621093,186.1000061035156,184.4100036621093,185.009994506836,184.5174102783203,49799100,3.2,1.0,0.07248139927503303,0.550025
2023-06-21 00:00:00+00:00,184.8999938964844,185.4100036621093,182.58999633789065,183.9600067138672,183.47021484375,49515700,3.7142857142857135,1.0,0.2574189684687127,0.6785964285714285
2023-06-22 00:00:00+00:00,183.7400054931641,187.0500030517578,183.6699981689453,187.0,186.5021209716797,51245300,3.5,1.0,0.1963751859200943,0.6250249999999999
2023-06-23 00:00:00+00:00,185.5500030517578,187.5599975585937,185.009994506836,186.67999267578125,186.1829528808593,53079300,3.3846153846153846,1.0,0.16315287040239776,0.5961788461538462
2023-06-26 00:00:00+00:00,186.8300018310547,188.0500030517578,185.22999572753903,185.2700042724609,184.7767333984375,48088700,3.15,1.0,0.04993785555303616,0.537525
2023-06-27 00:00:00+00:00,185.88999938964844,188.38999938964844,185.6699981689453,188.0599975585937,187.5592803955078,50730800,3.380952380952381,1.0,0.14528977617768604,0.5952630952380953
2023-06-28 00:00:00+00:00,187.92999267578125,189.8999938964844,187.6000061035156,189.25,188.74612426757807,51216800,4.0,1.0,0.39545059486714446,0.7500249999999999
2023-06-29 00:00:00+00:00,189.0800018310547,190.07000732421875,188.94000244140625,189.58999633789065,189.085205078125,46347300,3.769230769230769,1.0,0.2376207510094319,0.6923326923076922
2023-06-30 00:00:00+00:00,191.6300048828125,194.47999572753903,191.259994506836,193.97000122070312,193.4535675048828,85069600,4.393939393939394,1.0,1.3987073822875138,0.8485098484848483
2023-07-03 00:00:00+00:00,193.77999877929688,193.8800048828125,191.759994506836,192.4600067138672,191.9475860595703,31458200,3.121212121212121,1.0,0.005549171370701193,0.5303280303030302
2023-07-05 00:00:00+00:00,191.57000732421875,192.97999572753903,190.6199951171875,191.3300018310547,190.82058715820312,46920300,3.333333333333333,1.0,0.10678704467434219,0.5833583333333334
2023-07-06 00:00:00+00:00,189.83999633789065,192.0200042724609,189.1999969482422,191.8099975585937,191.2993011474609,45094300,3.5,1.0,0.14447556821577517,0.6250249999999999
2023-07-07 00:00:00+00:00,191.4100036621093,192.6699981689453,190.2400054931641,190.67999267578125,190.1723022460937,46778000,3.631578947368421,1.0,0.20162890747220205,0.6579197368421053
2023-07-10 00:00:00+00:00,189.259994506836,189.9900054931641,187.0399932861328,188.6100006103516,188.1078338623047,59922200,3.2777777777777777,1.0,0.15280198130894065,0.5694694444444444
2023-07-11 00:00:00+00:00,189.1600036621093,189.3000030517578,186.6000061035156,188.0800018310547,187.57925415039065,46638100,3.55,1.0,0.17598446614911797,0.6375249999999999
2023-07-12 00:00:00+00:00,189.67999267578125,191.6999969482422,188.47000122070312,189.7700042724609,189.2647399902344,60750200,3.2857142857142856,1.0,0.16230195971960695,0.5714535714285713
2023-07-13 00:00:00+00:00,190.5,191.19000244140625,189.77999877929688,190.5399932861328,190.0326690673828,41342300,3.7777777777777777,1.0,0.17269078059467818,0.6944694444444444
2023-07-14 00:00:00+00:00,190.22999572753903,191.17999267578125,189.6300048828125,190.69000244140625,190.18228149414065,41573900,3.6666666666666665,1.0,0.15340826836280005,0.6666916666666667
2023-07-17 00:00:00+00:00,191.8999938964844,194.32000732421875,191.8099975585937,193.9900054931641,193.4735107421875,50520200,3.458333333333333,1.0,0.17774304293574128,0.6146083333333334
2023-07-18 00:00:00+00:00,193.3500061035156,194.3300018310547,192.4199981689453,193.72999572753903,193.2141876220703,48353800,3.238095238095238,1.0,0.08351837771883307,0.5595488095238095
2023-07-19 00:00:00+00:00,193.1000061035156,198.22999572753903,192.6499938964844,195.1000061035156,194.5805511474609,80507300,3.066666666666667,1.0,0.06051934355381292,0.5166916666666668
2023-07-20 00:00:00+00:00,195.08999633789065,196.47000122070312,192.5,193.1300048828125,192.6157989501953,59581200,3.2857142857142856,1.0,0.1536348921937963,0.5714535714285713
2023-07-21 00:00:00+00:00,194.1000061035156,194.97000122070312,191.22999572753903,191.94000244140625,191.4289703369141,71917800,3.733333333333333,1.0,0.5476159675531018,0.6833583333333333
2023-07-24 00:00:00+00:00,193.4100036621093,194.9100036621093,192.25,192.75,192.2368011474609,45377800,3.48,1.0,0.13548892844353916,0.620025
2023-07-25 00:00:00+00:00,193.3300018310547,194.44000244140625,192.9199981689453,193.6199951171875,193.1044921875,37283200,3.611111111111111,1.0,0.09299735439720137,0.6528027777777778
2023-07-26 00:00:00+00:00,193.6699981689453,195.63999938964844,193.32000732421875,194.5,193.98214721679688,47471900,3.2413793103448274,1.0,0.07998708913784779,0.5603698275862068
2023-07-27 00:00:00+00:00,196.0200042724609,197.1999969482422,192.5500030517578,193.22000122070312,192.7055511474609,47460200,3.473684210526316,1.0,0.15771353887903383,0.6184460526315789
2023-07-28 00:00:00+00:00,194.6699981689453,196.6300048828125,194.13999938964844,195.8300018310547,195.30860900878903,48291400,3.789473684210526,1.0,0.27421224632852703,0.6973934210526316
2023-07-31 00:00:00+00:00,196.0599975585937,196.4900054931641,195.259994506836,196.4499969482422,195.9269561767578,38824100,3.3714285714285714,1.0,0.07198564675602541,0.5928821428571429
2023-08-01 00:00:00+00:00,196.2400054931641,196.72999572753903,195.27999877929688,195.6100006103516,195.0891876220703,35175100,3.4761904761904763,1.0,0.06799026154528716,0.619072619047619
2023-08-02 00:00:00+00:00,195.0399932861328,195.17999267578125,191.8500061035156,192.5800018310547,192.06724548339844,50389300,2.642857142857143,1.0,-0.1479966179081283,0.4107392857142857
2023-08-03 00:00:00+00:00,191.57000732421875,192.3699951171875,190.69000244140625,191.1699981689453,190.6610107421875,61235200,2.9473684210526314,1.0,-0.032575993501198525,0.4868671052631578
2023-08-04 00:00:00+00:00,185.5200042724609,187.3800048828125,181.9199981689453,181.9900054931641,181.5054626464844,115799700,2.574074074074074,1.0,-0.6473004669965651,0.3935435185185185
2023-08-07 00:00:00+00:00,182.1300048828125,183.1300048828125,177.35000610351562,178.85000610351562,178.37380981445312,97576100,2.7916666666666665,1.0,-0.24294030866919936,0.4479416666666666
2023-08-08 00:00:00+00:00,179.69000244140625,180.2700042724609,177.5800018310547,179.8000030517578,179.32127380371094,67823000,3.6666666666666665,1.0,0.44922852453521267,0.6666916666666667
2023-08-09 00:00:00+00:00,180.8699951171875,180.92999267578125,177.00999450683594,178.19000244140625,177.71556091308594,60378500,3.0434782608695654,1.0,0.02383778048565683,0.5108945652173913
2023-08-10 00:00:00+00:00,179.47999572753906,180.75,177.60000610351562,177.97000122070312,177.49615478515625,54686900,3.24,1.0,0.10792139584919802,0.560025
2023-08-11 00:00:00+00:00,177.32000732421875,178.6199951171875,176.5500030517578,177.7899932861328,177.5560760498047,51988100,2.95,1.0,-0.020085403694970957,0.487525
2023-08-14 00:00:00+00:00,177.97000122070312,179.69000244140625,177.30999755859375,179.4600067138672,179.22389221191406,43675600,3.333333333333333,1.0,0.08946825030438417,0.5833583333333334
2023-08-15 00:00:00+00:00,178.8800048828125,179.47999572753906,177.0500030517578,177.4499969482422,177.21652221679688,43622600,3.1818181818181817,1.0,0.049872178909002335,0.5454795454545454
2023-08-16 00:00:00+00:00,177.1300048828125,178.5399932861328,176.5,176.57000732421875,176.3376922607422,46964900,3.571428571428572,1.0,0.1899216034662553,0.642882142857143
2023-08-17 00:00:00+00:00,177.13999938964844,177.50999450683594,173.47999572753906,174.0,173.7710723876953,66062900,3.272727272727273,1.0,0.17487779281445343,0.5682068181818183
2023-08-18 00:00:00+00:00,172.3000030517578,175.10000610351562,171.9600067138672,174.49000549316406,174.2604217529297,61114200,3.35,1.0,0.19482883173408763,0.5875250000000001
2023-08-21 00:00:00+00:00,175.07000732421875,176.1300048828125,173.74000549316406,175.83999633789062,175.608642578125,46311900,2.933333333333333,1.0,-0.020761869789694954,0.4833583333333333
2023-08-22 00:00:00+00:00,177.05999755859375,177.67999267578125,176.25,177.22999572753906,176.99681091308594,42084200,3.933333333333333,1.0,0.23039068984265712,0.7333583333333333
2023-08-23 00:00:00+00:00,178.52000427246094,181.5500030517578,178.3300018310547,181.1199951171875,180.88169860839844,52722800,3.933333333333333,1.0,0.39428408036205004,0.7333583333333333
2023-08-24 00:00:00+00:00,180.6699981689453,181.1000061035156,176.00999450683594,176.3800048828125,176.14793395996094,54945800,3.1578947368421053,1.0,0.07251815324302673,0.5394986842105263
2023-08-25 00:00:00+00:00,177.3800048828125,179.14999389648438,175.82000732421875,178.61000061035156,178.375,51449600,3.2,1.0,0.08218653942783649,0.550025
2023-08-28 00:00:00+00:00,180.08999633789062,180.58999633789065,178.5500030517578,180.19000244140625,179.9529266357422,43820700,3.8666666666666663,1.0,0.24849007315026822,0.7166916666666667
2023-08-29 00:00:00+00:00,179.6999969482422,184.8999938964844,179.5,184.1199951171875,183.87774658203125,53003900,3.083333333333333,1.0,0.03728731189996304,0.5208583333333334
2023-08-30 00:00:00+00:00,184.94000244140625,187.8500061035156,184.7400054931641,187.6499938964844,187.40310668945312,60813900,3.6666666666666665,1.0,0.40958630792961304,0.6666916666666667
2023-08-31 00:00:00+00:00,187.83999633789065,189.1199951171875,187.47999572753903,187.8699951171875,187.6228179931641,60794500,3.68,1.0,0.41860707352663795,0.6700250000000001
2023-09-01 00:00:00+00:00,189.4900054931641,189.9199981689453,188.27999877929688,189.4600067138672,189.2107391357422,45732600,3.25,1.0,0.08060853940037749,0.5625249999999999
2023-09-05 00:00:00+00:00,188.27999877929688,189.97999572753903,187.6100006103516,189.6999969482422,189.45040893554688,45280000,3.227272727272727,1.0,0.07171675305114106,0.5568431818181818
2023-09-06 00:00:00+00:00,188.3999938964844,188.8500061035156,181.47000122070312,182.9100036621093,182.6693420410156,81755800,2.15625,1.0,-0.8546968727268901,0.2890875
2023-09-07 00:00:00+00:00,175.17999267578125,178.2100067138672,173.5399932861328,177.55999755859375,177.32638549804688,112488800,2.074074074074074,1.0,-1.3733173498584923,0.2685435185185185
2023-09-08 00:00:00+00:00,178.35000610351562,180.2400054931641,177.7899932861328,178.17999267578125,177.945556640625,65551300,2.520833333333333,1.0,-0.31665816270517144,0.3802333333333333
2023-09-11 00:00:00+00:00,180.07000732421875,180.3000030517578,177.33999633789062,179.36000061035156,179.12400817871094,58953100,3.0,1.0,0.0,0.5000249999999999
2023-09-12 00:00:00+00:00,179.49000549316406,180.1300048828125,174.82000732421875,176.3000030517578,176.0680389404297,90370200,2.888888888888889,1.0,-0.11870109052489206,0.4722472222222222
2023-09-13 00:00:00+00:00,176.50999450683594,177.3000030517578,173.97999572753906,174.2100067138672,173.9807891845703,84267900,3.0,1.0,0.0,0.5000249999999999
2023-09-14 00:00:00+00:00,174.0,176.10000610351562,173.5800018310547,175.74000549316406,175.5087890625,60895800,3.5135135135135136,1.0,0.29488343642919634,0.6284033783783785
2023-09-15 00:00:00+00:00,176.47999572753906,176.5,173.82000732421875,175.00999450683594,174.77972412109375,109205100,3.6666666666666665,1.0,0.893981332751175,0.6666916666666667
2023-09-18 00:00:00+00:00,176.47999572753906,179.3800048828125,176.1699981689453,177.97000122070312,177.73583984375,67257600,3.272727272727273,1.0,0.17788317335479084,0.5682068181818183
2023-09-19 00:00:00+00:00,177.52000427246094,179.6300048828125,177.1300048828125,179.07000732421875,178.8343963623047,51826900,3.736842105263158,1.0,0.2956310882866853,0.6842355263157895
2023-09-20 00:00:00+00:00,179.25999450683594,179.6999969482422,175.39999389648438,175.49000549316406,175.2591094970703,58436200,3.423076923076923,1.0,0.21410332932244558,0.6057942307692308
2023-09-21 00:00:00+00:00,174.5500030517578,176.3000030517578,173.86000061035156,173.92999267578125,173.70115661621094,63047900,2.8846153846153846,1.0,-0.0666993753059646,0.4711788461538461
2023-09-22 00:00:00+00:00,174.6699981689453,177.0800018310547,174.0500030517578,174.7899932861328,174.5600128173828,56725400,3.208333333333333,1.0,0.0985894762623005,0.5521083333333334
2023-09-25 00:00:00+00:00,174.1999969482422,176.97000122070312,174.14999389648438,176.0800018310547,175.84832763671875,46172700,3.466666666666667,1.0,0.14031664101365537,0.6166916666666666
2023-09-26 00:00:00+00:00,174.82000732421875,175.1999969482422,171.66000366210938,171.9600067138672,171.73374938964844,64588900,2.5,1.0,-0.3046707276444432,0.375025
2023-09-27 00:00:00+00:00,172.6199951171875,173.0399932861328,169.0500030517578,170.42999267578125,170.20574951171875,66921800,2.827586206896552,1.0,-0.1104617548229153,0.4569215517241379
2023-09-28 00:00:00+00:00,169.33999633789062,172.02999877929688,167.6199951171875,170.69000244140625,170.46542358398438,56294400,2.863636363636364,1.0,-0.06246043709893148,0.4659340909090909
2023-09-29 00:00:00+00:00,172.02000427246094,173.07000732421875,170.33999633789062,171.2100067138672,170.9847412109375,51814200,3.36,1.0,0.1366587312485304,0.590025
2023-10-02 00:00:00+00:00,171.22000122070312,174.3000030517578,170.92999267578125,173.75,173.52139282226562,52164500,3.3076923076923075,1.0,0.1180706386263129,0.5769480769230768
2023-10-03 00:00:00+00:00,172.25999450683594,173.6300048828125,170.82000732421875,172.39999389648438,172.1731719970703,49594600,2.761904761904762,1.0,-0.08169182879415544,0.4405011904761904
2023-10-04 00:00:00+00:00,171.08999633789062,174.2100067138672,170.97000122070312,173.66000366210938,173.4315185546875,53020300,2.4166666666666665,1.0,-0.2329833599182832,0.3541916666666666
2023-10-05 00:00:00+00:00,173.7899932861328,175.4499969482422,172.67999267578125,174.91000366210938,174.67987060546875,48527900,3.3157894736842106,1.0,0.10310896925264064,0.5789723684210526
2023-10-06 00:00:00+00:00,173.8000030517578,177.99000549316406,173.17999267578125,177.49000549316406,177.25648498535156,57224100,3.0,1.0,0.0,0.5000249999999999
2023-10-09 00:00:00+00:00,176.80999755859375,179.0500030517578,175.8000030517578,178.99000549316406,178.75450134277344,42390800,2.571428571428572,1.0,-0.09193204966742267,0.3928821428571429
2023-10-10 00:00:00+00:00,178.10000610351562,179.72000122070312,177.9499969482422,178.38999938964844,178.15528869628906,43698000,3.35,1.0,0.08403992797325094,0.5875250000000001
2023-10-11 00:00:00+00:00,178.1999969482422,179.85000610351562,177.60000610351562,179.8000030517578,179.5634307861328,47551100,3.272727272727273,1.0,0.0835831663265266,0.5682068181818183
2023-10-12 00:00:00+00:00,180.07000732421875,182.33999633789065,179.0399932861328,180.7100067138672,180.4722442626953,56743100,4.076923076923077,1.0,0.5065129061365334,0.7692557692307691
2023-10-13 00:00:00+00:00,181.4199981689453,181.92999267578125,178.13999938964844,178.85000610351562,178.61468505859375,51427100,3.0,1.0,0.0,0.5000249999999999
2023-10-16 00:00:00+00:00,176.75,179.0800018310547,176.50999450683594,178.72000122070312,178.48486328125,52517000,3.208333333333333,1.0,0.0843049697710675,0.5521083333333334
2023-10-17 00:00:00+00:00,176.64999389648438,178.4199981689453,174.8000030517578,177.14999389648438,176.9169158935547,57549400,3.0588235294117645,1.0,0.028746503033524284,0.5147308823529411
2023-10-18 00:00:00+00:00,175.5800018310547,177.5800018310547,175.11000061035156,175.83999633789062,175.608642578125,54764400,3.4444444444444446,1.0,0.19292477967886645,0.6111361111111111
2023-10-19 00:00:00+00:00,176.0399932861328,177.83999633789062,175.19000244140625,175.4600067138672,175.22915649414062,59302900,3.1481481481481484,1.0,0.07570170792276174,0.5370620370370371
2023-10-20 00:00:00+00:00,175.30999755859375,175.4199981689453,172.63999938964844,172.8800048828125,172.6525421142578,64189300,3.25,1.0,0.14828348681786532,0.5625249999999999
2023-10-23 00:00:00+00:00,170.91000366210938,174.00999450683594,169.92999267578125,173.0,172.7723846435547,55980100,2.7857142857142856,1.0,-0.09522309836993102,0.4464535714285714
2023-10-24 00:00:00+00:00,173.0500030517578,173.6699981689453,171.4499969482422,173.44000244140625,173.21180725097656,43816600,3.5217391304347827,1.0,0.1168575156356941,0.6304597826086957
2023-10-25 00:00:00+00:00,171.8800048828125,173.05999755859375,170.64999389648438,171.10000610351562,170.87489318847656,57157000,2.875,1.0,-0.05704849695949722,0.468775
2023-10-26 00:00:00+00:00,170.3699951171875,171.3800048828125,165.6699981689453,166.88999938964844,166.67042541503906,70625300,2.8,1.0,-0.13927814360136184,0.4500249999999999
2023-10-27 00:00:00+00:00,166.91000366210938,168.9600067138672,166.8300018310547,168.22000122070312,167.99867248535156,58499100,3.363636363636364,1.0,0.17295539663486026,0.590934090909091
2023-10-30 00:00:00+00:00,169.02000427246094,171.1699981689453,168.8699951171875,170.2899932861328,170.06593322753906,51131000,3.2222222222222223,1.0,0.07663934627420475,0.5555805555555555
2023-10-31 00:00:00+00:00,169.35000610351562,170.89999389648438,167.89999389648438,170.77000427246094,170.54531860351562,44846000,3.65,1.0,0.14291871923698105,0.662525
2023-11-01 00:00:00+00:00,171.0,174.22999572753906,170.1199951171875,173.97000122070312,173.74110412597656,56934900,3.1,1.0,0.04835952673085512,0.5250250000000001
2023-11-02 00:00:00+00:00,175.52000427246094,177.77999877929688,175.4600067138672,177.57000732421875,177.3363800048828,77334800,3.7906976744186047,1.0,0.7206107405671409,0.6976994186046512
2023-11-03 00:00:00+00:00,174.24000549316406,176.82000732421875,173.35000610351562,176.64999389648438,176.41757202148438,79763700,2.4411764705882355,1.0,-0.5284929853503595,0.3603191176470589
2023-11-06 00:00:00+00:00,176.3800048828125,179.42999267578125,176.2100067138672,179.22999572753906,178.9941864013672,63841300,3.0,1.0,0.0,0.5000249999999999
2023-11-07 00:00:00+00:00,179.17999267578125,182.44000244140625,178.97000122070312,181.82000732421875,181.58078002929688,70530000,3.625,1.0,0.4629311305190591,0.6562749999999999
2023-11-08 00:00:00+00:00,182.3500061035156,183.4499969482422,181.58999633789065,182.88999938964844,182.6493682861328,49340300,3.625,1.0,0.18349334421471228,0.6562749999999999
2023-11-09 00:00:00+00:00,182.9600067138672,184.1199951171875,181.8099975585937,182.4100036621093,182.1699981689453,53763500,3.4347826086956523,1.0,0.1668842238422428,0.608720652173913
2023-11-10 00:00:00+00:00,183.97000122070312,186.57000732421875,183.52999877929688,186.3999938964844,186.3999938964844,66133400,3.25,1.0,0.16144018532553195,0.5625249999999999
2023-11-13 00:00:00+00:00,185.82000732421875,186.02999877929688,184.2100067138672,184.8000030517578,184.8000030517578,43627500,3.1578947368421053,1.0,0.02817980910988097,0.5394986842105263
2023-11-14 00:00:00+00:00,187.6999969482422,188.1100006103516,186.3000030517578,187.44000244140625,187.44000244140625,60108400,3.576923076923077,1.0,0.29966383851015427,0.6442557692307693
2023-11-15 00:00:00+00:00,187.8500061035156,189.5,187.77999877929688,188.009994506836,188.009994506836,53790500,3.210526315789474,1.0,0.08012639405387358,0.5526565789473685
2023-11-16 00:00:00+00:00,189.57000732421875,190.9600067138672,188.6499938964844,189.7100067138672,189.7100067138672,54412900,2.8,1.0,-0.07863932399142008,0.4500249999999999
2023-11-17 00:00:00+00:00,190.25,190.3800048828125,188.57000732421875,189.69000244140625,189.69000244140625,50922700,2.8666666666666667,1.0,-0.04272729381204366,0.4666916666666666
2023-11-20 00:00:00+00:00,189.88999938964844,191.9100036621093,189.8800048828125,191.4499969482422,191.4499969482422,46505100,3.4,1.0,0.09167903586112554,0.600025
2023-11-21 00:00:00+00:00,191.4100036621093,191.5200042724609,189.7400054931641,190.63999938964844,190.63999938964844,38134500,3.583333333333333,1.0,0.033447998437031765,0.6458583333333334
2023-11-22 00:00:00+00:00,191.4900054931641,192.92999267578125,190.8300018310547,191.3099975585937,191.3099975585937,39617700,3.3846153846153846,1.0,0.03800973163035295,0.5961788461538462
2023-11-24 00:00:00+00:00,190.8699951171875,190.8999938964844,189.25,189.97000122070312,189.97000122070312,24048300,3.647058823529412,1.0,0.0,0.661789705882353
2023-11-27 00:00:00+00:00,189.9199981689453,190.6699981689453,188.8999938964844,189.7899932861328,189.7899932861328,40552600,3.333333333333333,1.0,0.05259608681815852,0.5833583333333334
2023-11-28 00:00:00+00:00,189.77999877929688,191.0800018310547,189.3999938964844,190.3999938964844,190.3999938964844,38415400,3.3846153846153846,1.0,0.046680114835725275,0.5961788461538462
2023-11-29 00:00:00+00:00,190.8999938964844,192.08999633789065,188.97000122070312,189.3699951171875,189.3699951171875,43014200,3.5,1.0,0.10611048772318868,0.6250249999999999
2023-11-30 00:00:00+00:00,189.83999633789065,190.32000732421875,188.19000244140625,189.9499969482422,189.9499969482422,48794400,3.583333333333333,1.0,0.19373533019274294,0.6458583333333334
2023-12-01 00:00:00+00:00,190.3300018310547,191.5599975585937,189.22999572753903,191.2400054931641,191.2400054931641,45679300,3.6,1.0,0.15939815078800693,0.6500250000000001
2023-12-04 00:00:00+00:00,189.97999572753903,190.0500030517578,187.4499969482422,189.42999267578125,189.42999267578125,43389500,2.875,1.0,-0.027953793422210924,0.468775
2023-12-05 00:00:00+00:00,190.2100067138672,194.3999938964844,190.17999267578125,193.4199981689453,193.4199981689453,66628400,3.227272727272727,1.0,0.16750684616015618,0.5568431818181818
2023-12-06 00:00:00+00:00,194.4499969482422,194.759994506836,192.1100006103516,192.32000732421875,192.32000732421875,41089700,3.75,1.0,0.13058435609316804,0.6875249999999999
2023-12-07 00:00:00+00:00,193.6300048828125,195.0,193.58999633789065,194.2700042724609,194.2700042724609,47477700,3.736842105263158,1.0,0.2429904738881168,0.6842355263157895
2023-12-08 00:00:00+00:00,194.1999969482422,195.9900054931641,193.6699981689453,195.7100067138672,195.7100067138672,53377300,3.9166666666666665,1.0,0.43619855049167516,0.7291916666666667
2023-12-11 00:00:00+00:00,193.1100006103516,193.4900054931641,191.4199981689453,193.17999267578125,193.17999267578125,60943700,3.25,1.0,0.17971447206204513,0.5625249999999999
2023-12-12 00:00:00+00:00,193.0800018310547,194.72000122070312,191.72000122070312,194.7100067138672,194.7100067138672,52696900,3.675675675675676,1.0,0.32507633456430846,0.668943918918919
2023-12-13 00:00:00+00:00,195.08999633789065,198.0,194.8500061035156,197.9600067138672,197.9600067138672,70404200,3.8181818181818175,1.0,0.8130908558386492,0.7045704545454545
2023-12-14 00:00:00+00:00,198.0200042724609,199.6199951171875,196.1600036621093,198.1100006103516,198.1100006103516,66831600,3.2,1.0,0.17598530000375792,0.550025
2023-12-15 00:00:00+00:00,197.52999877929688,198.3999938964844,197.0,197.57000732421875,197.57000732421875,128256700,4.4,1.0,2.90094077198156,0.850025
